,X,Y
0,-1.25,62.5
1,-1.3157894736842106,161.97368421052633
2,-2.42,178.96
3,-1.3409090909090908,271.3863636363636
4,-1.1428571428571428,381.60714285714283
5,-1.105263157894737,410.0263157894737
6,-0.9166666666666666,442.0833333333333
7,-6.714285714285714,43.714285714285715
8,-9.474358974358974,196.0
9,-5.021739130434782,220.82608695652175
10,-4.982758620689655,255.20689655172413
11,-6.833333333333333,115.33333333333333
12,-8.0,104.0
13,-10.21951219512195,296.3048780487805
14,-11.043478260869565,327.82608695652175
15,-11.805555555555555,47.916666666666664
16,-12.294117647058824,439.38235294117646
17,-12.75,119.09615384615384
18,-14.469696969696969,243.1818181818182
19,-13.75,367.77777777777777
20,-14.36111111111111,427.80555555555554
21,-18.625,424.025
22,-22.875,342.78125
23,-23.733333333333334,160.9
24,-22.666666666666668,203.0185185185185
25,-25.454545454545453,434.1060606060606
26,-24.529411764705884,255.97058823529412
27,-29.322580645161292,272.4032258064516
28,-27.671875,190.421875
29,-29.5,314.0
30,-33.541666666666664,254.625
31,-35.359375,223.921875
32,-31.532258064516128,140.32258064516128
33,-37.516666666666666,238.41666666666666
34,-40.370370370370374,290.1666666666667
35,-42.732142857142854,145.66071428571428
36,-41.4264705882353,411.9852941176471
37,-44.71052631578947,215.10526315789474
38,-44.666666666666664,257.3888888888889
39,-44.38709677419355,264.758064516129
40,-47.285714285714285,178.78571428571428
41,-53.575,150.575
42,-49.67142857142857,329.14285714285717
43,-53.109375,415.640625
44,-56.0921052631579,438.11842105263156
45,-50.5,106.0
46,-54.104166666666664,44.645833333333336
47,-58.8,171.72857142857143
48,-53.97142857142857,282.7857142857143
49,-56.2,96.55
50,-58.11363636363637,260.1136363636364
51,-62.907407407407405,302.5925925925926
52,-61.25925925925926,88.57407407407408
53,-65.29629629629629,94.42592592592592
54,-62.84722222222222,310.875
55,-67.825,384.5
56,-67.28947368421052,241.21052631578948
57,-67.02777777777777,170.86111111111111
58,-69.70652173913044,251.22826086956522
59,-69.5,259.1764705882353
60,-70.11904761904762,357.85714285714283
61,-71.625,69.625
62,-71.65625,219.25
63,-74.1,319.8333333333333
64,-76.36904761904762,85.29761904761905
65,-75.375,145.375
66,-72.33333333333333,270.27777777777777
67,-76.26923076923077,183.1153846153846
68,-77.275,153.725
69,-78.51724137931035,351.12068965517244
70,-82.55263157894737,85.89473684210526
71,-80.38,279.4
72,-80.6029411764706,435.63235294117646
73,-82.11764705882354,113.38235294117646
74,-76.88888888888889,167.5
75,-81.05555555555556,186.8148148148148
76,-81.0,364.0
77,-81.8695652173913,228.45652173913044
78,-83.48333333333333,37.61666666666667
79,-86.11904761904762,216.38095238095238
80,-83.075,235.925
81,-83.5909090909091,392.09090909090907
82,-84.92592592592592,356.462962962963
83,-88.5,200.36363636363637
84,-90.53125,150.0
85,-87.25,282.70454545454544
86,-89.5576923076923,135.75
87,-90.22222222222223,68.33333333333333
88,-91.15277777777777,80.29166666666667
89,-92.02083333333333,172.77083333333334
90,-94.03846153846153,230.07692307692307
91,-93.75,73.75
92,-98.24193548387096,252.09677419354838
93,-99.15217391304348,175.34782608695653
94,-97.97222222222223,261.02777777777777
95,-101.46875,269.3125
96,-100.87931034482759,412.58620689655174
97,-103.42857142857143,170.97619047619048
98,-102.47619047619048,282.4047619047619
99,-106.11111111111111,184.61111111111111
100,-105.08620689655173,237.72413793103448
101,-107.21428571428571,334.2
102,-108.15789473684211,279.07894736842104
103,-109.13636363636364,157.9090909090909
104,-112.45238095238095,108.38095238095238
105,-112.44736842105263,308.89473684210526
106,-119.26923076923077,120.6923076923077
107,-114.34,162.04
108,-113.16071428571429,130.94642857142858
109,-115.27083333333333,181.4375
110,-117.05555555555556,103.11111111111111
111,-115.9,271.28
112,-118.5,208.0
113,-121.35185185185185,199.44444444444446
114,-120.0,223.5
115,-122.54545454545455,310.90909090909093
116,-122.39285714285714,410.5357142857143
117,-126.9342105263158,137.32894736842104
118,-124.21153846153847,171.3653846153846
119,-118.82051282051282,319.6025641025641
120,-125.63461538461539,179.6346153846154
121,-127.61764705882354,257.44117647058823
122,-128.34848484848484,278.6969696969697
123,-129.47222222222223,206.52777777777777
124,-131.0,315.3421052631579
125,-131.0,246.55263157894737
126,-133.90384615384616,156.98076923076923
127,-136.05882352941177,251.38235294117646
128,-138.9,332.73333333333335
129,-139.27272727272728,82.77272727272727
130,-139.8846153846154,214.07692307692307
131,-139.5483870967742,197.17741935483872
132,-143.55555555555554,323.27777777777777
133,-144.70967741935485,163.7258064516129
134,-149.775,145.225
135,-143.67567567567568,278.2027027027027
136,-146.01612903225808,86.41935483870968
137,-144.30357142857142,311.3392857142857
138,-147.52777777777777,186.41666666666666
139,-150.32758620689654,128.9655172413793
140,-153.27272727272728,298.22727272727275
141,-154.0,24.0
142,-155.66666666666666,319.7857142857143
143,-157.08695652173913,206.6304347826087
144,-154.3709677419355,221.74193548387098
145,-159.3684210526316,361.9736842105263
146,-159.85185185185185,163.2037037037037
147,-160.40625,351.96875
148,-162.39655172413794,370.7931034482759
149,-163.34848484848484,186.84848484848484
150,-164.04166666666666,219.20833333333334
151,-160.125,307.0892857142857
152,-162.5909090909091,384.27272727272725
153,-167.078125,395.265625
154,-166.1875,296.25
155,-167.125,202.53125
156,-169.296875,167.859375
157,-169.42105263157896,267.3421052631579
158,-169.575,64.225
159,-174.8,306.8666666666667
160,-173.0,176.55882352941177
161,-173.30645161290323,246.1290322580645
162,-177.77941176470588,69.36764705882354
163,-175.37037037037038,273.0925925925926
164,-174.85294117647058,349.52941176470586
165,-178.11111111111111,171.77777777777777
166,-175.7037037037037,296.8333333333333
167,-179.5612244897959,408.46938775510205
168,-179.93548387096774,98.95161290322581
169,-179.9375,1.625
170,-180.39583333333334,280.5625
171,-181.6764705882353,268.6470588235294
172,-182.45652173913044,216.0
173,-183.76785714285714,159.125
174,-187.23863636363637,190.23863636363637
175,-186.45833333333334,61.916666666666664
176,-187.0857142857143,208.9857142857143
177,-192.34285714285716,53.01428571428571
178,-192.45,144.81666666666666
179,-195.3448275862069,129.8448275862069
180,-192.44736842105263,232.78947368421052
181,-190.4264705882353,277.1029411764706
182,-191.17567567567568,333.86486486486484
183,-192.425,339.775
184,-192.5,169.6
185,-190.69354838709677,222.09677419354838
186,-194.5686274509804,11.931372549019608
187,-196.73214285714286,368.73214285714283
188,-198.91176470588235,185.58823529411765
189,-199.90625,221.40625
190,-198.33333333333334,228.26190476190476
191,-200.25,138.08333333333334
192,-202.1851851851852,93.0925925925926
193,-204.07575757575756,170.5151515151515
194,-207.95652173913044,408.1521739130435
195,-208.1315789473684,329.7368421052632
196,-207.56,439.18
197,-206.91666666666666,23.375
198,-215.02083333333334,121.97916666666667
199,-211.73809523809524,337.2857142857143
200,-212.30769230769232,196.34615384615384
201,-212.1315789473684,247.47368421052633
202,-207.8170731707317,316.0
203,-214.23529411764707,258.7647058823529
204,-215.5909090909091,295.030303030303
205,-214.5,220.78125
206,-218.1153846153846,150.84615384615384
207,-215.55263157894737,213.21052631578948
208,-216.375,15.925
209,-218.71212121212122,72.75757575757575
210,-217.91379310344828,182.20689655172413
211,-219.578125,108.609375
212,-221.05555555555554,28.27777777777778
213,-218.5,84.31818181818181
214,-220.775,253.225
215,-222.83928571428572,361.0892857142857
216,-222.08333333333334,327.125
217,-226.1875,407.59375
218,-228.1451612903226,95.51612903225806
219,-227.03333333333333,317.4
220,-228.72058823529412,17.808823529411764
221,-232.57142857142858,189.57142857142858
222,-231.35526315789474,207.22368421052633
223,-236.8793103448276,60.37931034482759
224,-237.83333333333334,11.666666666666666
225,-238.0,164.0
226,-238.5,141.5
227,-240.875,37.15277777777778
228,-243.1,342.9
229,-249.6,325.1
230,-247.26923076923077,168.92307692307693
231,-250.35294117647058,137.14705882352942
232,-249.54545454545453,346.77272727272725
233,-252.36764705882354,76.45588235294117
234,-251.92857142857142,338.7142857142857
235,-250.55357142857142,156.375
236,-253.96153846153845,146.46153846153845
237,-255.875,10.09375
238,-255.06,178.28
239,-255.2439024390244,118.35365853658537
240,-258.79411764705884,287.70588235294116
241,-258.0833333333333,337.47222222222223
242,-258.94444444444446,91.0
243,-258.44,267.18
244,-262.54285714285714,274.7857142857143
245,-266.22463768115944,301.9782608695652
246,-260.85135135135135,399.3243243243243
247,-265.5882352941176,149.97058823529412
248,-265.6857142857143,185.24285714285713
249,-265.3809523809524,285.35714285714283
250,-269.7121212121212,236.84848484848484
251,-269.19444444444446,363.8333333333333
252,-269.9642857142857,25.821428571428573
253,-271.5625,132.39583333333334
254,-270.125,163.75
255,-271.8448275862069,14.448275862068966
256,-274.11290322580646,93.41935483870968
257,-273.72222222222223,144.55555555555554
258,-274.11764705882354,71.29411764705883
259,-281.6774193548387,96.46774193548387
260,-275.83870967741933,425.758064516129
261,-282.5,125.5
262,-284.2142857142857,27.714285714285715
263,-284.5416666666667,151.06944444444446
264,-282.38235294117646,201.8235294117647
265,-293.1764705882353,395.1470588235294
266,-291.530303030303,66.63636363636364
267,-293.89285714285717,114.21428571428571
268,-295.9117647058824,187.64705882352942
269,-294.69565217391306,55.108695652173914
270,-296.5,26.0
271,-293.70588235294116,35.64705882352941
272,-296.8809523809524,97.57142857142857
273,-299.375,46.375
274,-298.671875,122.171875
275,-302.5833333333333,110.5
276,-302.8181818181818,140.92424242424244
277,-300.0416666666667,283.7916666666667
278,-304.2142857142857,4.9523809523809526
279,-308.11538461538464,12.743589743589743
280,-305.98,292.6
281,-306.1904761904762,279.6904761904762
282,-311.8709677419355,55.75806451612903
283,-307.97727272727275,82.31818181818181
284,-316.8333333333333,288.12820512820514
285,-314.19565217391306,41.47826086956522
286,-314.8378378378378,374.63513513513516
287,-317.92857142857144,16.107142857142858
288,-316.59615384615387,119.78846153846153
289,-318.325,141.225
290,-317.8,349.8333333333333
291,-319.8875,300.8625
292,-320.8142857142857,360.54285714285714
293,-321.0833333333333,28.083333333333332
294,-319.0357142857143,156.4404761904762
295,-324.96,347.7
296,-323.31944444444446,198.31944444444446
297,-323.64285714285717,385.42857142857144
298,-330.0238095238095,1.8571428571428572
299,-335.7916666666667,38.791666666666664
300,-341.3,246.75
301,-341.62820512820514,91.97435897435898
302,-342.31666666666666,363.1166666666667
303,-345.3636363636364,127.34848484848484
304,-346.82142857142856,166.70238095238096
305,-343.2073170731707,238.8780487804878
306,-350.95454545454544,10.363636363636363
307,-353.43589743589746,397.78205128205127
308,-357.4047619047619,435.9047619047619
309,-355.27272727272725,175.28787878787878
310,-359.44736842105266,222.31578947368422
311,-362.42424242424244,42.77272727272727
312,-364.2361111111111,78.73611111111111
313,-365.0,144.4090909090909
314,-367.38709677419354,159.1451612903226
315,-370.48,103.58
316,-372.9864864864865,115.27027027027027
317,-371.7105263157895,19.236842105263158
318,-374.42857142857144,132.92857142857142
319,-376.975,421.35
320,-376.22,6.6
321,-379.9479166666667,55.239583333333336
322,-386.2105263157895,53.39473684210526
323,-384.98,32.68
324,-385.640625,172.359375
325,-387.3,135.7
326,-387.375,17.975
327,-391.3125,40.875
328,-390.59375,83.53125
329,-392.1,123.0
330,-391.09375,146.40625
331,-391.0,196.71052631578948
332,-390.7857142857143,408.0952380952381
